00000000000123000001
00000000000345000001
00000000000413000001
00000000000727000001
00000000000772000001
00000000001007000001
00000000001021000001
00000000001397000001
00000000002226000001
00000000002233000001
00000000002660000001
00000000002752000001
00000000002943000001
00000000003056000001
00000000003094000001
00000000003148000002
00000000003155000001
00000000003384000001
00000000003964000001
00000000004190000001
00000000004626000001
00000000004756000002
00000000004961000001
00000000005005000001
00000000005210000001
00000000005258000001
00000000005265000001
00000000005678000001
00000000006842000001
00000000007009000001
00000000007061000001
00000000007108000001
00000000008785000001
00000000008815000001
00000000008822000001
00000000009607000001
00000000009614000001
00000000009812000001
00000000009829000001
00000000009973000002
00000000010504000001
00000000010542000001
00000000010955000001
00000000011068000001
00000000011464000002
00000000011471000001
00000000011488000001
00000000012546000001
00000000012638000001
00000000013031000001
00000000013499000002
00000000013642000001
00000000014489000001
00000000014816000001
00000000014823000001
00000000014939000001
00000000015219000001
00000000015349000001
00000000015356000002
00000000015387000001
00000000015448000001
00000000015714000001
00000000015721000001
00000000015738000001
00000000015745000001
00000000016025000001
00000000016780000001
00000000017046000002
00000000017053000001
00000000017152000001
00000000017268000001
00000000017374000001
00000000017411000001
00000000017497000001
00000000017558000002
00000000017602000001
00000000017671000001
00000000017909000001
00000000017961000001
00000000019279000001
00000000019286000001
00000000019354000001
00000000019378000001
00000000019446000001
00000000019460000001
00000000019590000001
00000000020435000001
00000000020459000001
00000000020497000001
00000000020503000001
00000000020510000001
00000000021692000001
00000000021708000001
00000000022316000001
00000000022385000001
00000000022392000001
00000000022408000001
00000000022620000001
00000000022804000001
00000000022897000001
00000000022934000001
00000000022958000001
00000000022965000001
00000000022972000002
00000000022989000001
00000000022996000001
00000000023047000001
00000000023061000001
00000000023085000001
00000000023436000001
00000000023467000001
00000000023474000001
00000000023498000001
00000000023504000001
00000000023511000001
00000000023771000001
00000000024129000001
00000000024532000001
00000000024549000001
00000000024563000002
00000000024570000001
00000000025515000001
00000000025782000001
00000000025836000001
00000000027007000001
00000000027014000001
00000000027045000001
00000000027274000001
00000000027878000001
00000000027939000001
00000000027960000001
00000000029346000001
00000000030069000001
00000000030885000001
00000000031707000001
00000000031783000001
00000000031936000001
00000000031943000001
00000000031950000001
00000000031967000001
00000000032162000001
00000000032261000001
00000000032513000001
00000000032766000001
00000000033510000001
00000000033596000001
00000000034746000001
00000000034920000001
00000000034937000001
00000000035354000001
00000000036030000001
00000000036245000001
00000000036481000001
00000000036658000001
00000000036665000001
00000000036696000001
00000000036719000001
00000000036733000001
00000000037181000001
00000000037198000001
00000000037211000001
00000000037280000001
00000000037426000001
00000000037556000001
00000000037587000001
00000000037976000001
00000000038065000001
00000000039314000001
00000000039505000001
00000000039529000003
00000000039611000001
00000000040037000002
00000000040396000001
00000000040587000001
00000000040594000001
00000000040600000001
00000000042581000001
00000000042598000001
00000000043458000001
00000000043748000001
00000000043755000002
00000000043762000001
00000000043861000001
00000000043878000001
00000000043885000001
00000000044813000002
00000000044882000001
00000000045247000001
00000000045353000001
00000000045360000001
00000000045407000002
00000000045483000002
00000000045636000001
00000000046114000001
00000000046206000001
00000000046282000001
00000000046299000001
00000000046312000001
00000000046909000001
00000000047487000001
00000000047746000001
00000000048439000001
00000000049191000001
00000000049238000001
00000000049597000001
00000000049627000001
00000000049634000001
00000000050067000001
00000000050142000001
00000000050166000002
00000000050470000001
00000000050494000001
00000000051255000001
00000000052900000002
00000000053105000001
00000000053129000001
00000000053211000001
00000000053389000001
00000000053808000001
00000000055024000002
00000000055109000001
00000000055321000001
00000000055499000001
00000000055840000001
00000000055864000002
00000000056250000001
00000000056441000001
00000000056991000001
00000000057028000001
00000000057202000001
00000000057837000001
00000000057943000001
00000000058018000001
00000000058032000001
00000000058056000001
00000000059763000001
00000000059794000001
00000000059800000002
00000000059817000001
00000000059855000001
00000000060035000001
00000000060066000001
00000000060073000001
00000000060080000001
00000000060288000001
00000000060912000001
00000000060998000001
00000000062756000001
00000000063890000001
00000000064446000001
00000000064453000001
00000000064460000001
00000000064569000001
00000000064576000001
00000000065924000002
00000000066280000001
00000000066884000001
00000000067027000001
00000000067034000001
00000000067614000001
00000000067911000001
00000000067942000001
00000000068024000002
00000000068055000001
00000000068352000001
00000000068840000001
00000000069335000001
00000000069403000001
00000000069465000001
00000000069472000001
00000000069489000003
00000000069540000001
00000000069557000001
00000000074735000001
00000000074742000001
00000000074759000001
00000000075084000001
00000000075275000001
00000000076128000001
00000000076425000001
00000000076692000001
00000000076708000002
00000000076715000001
00000000076722000001
00000000076746000001
00000000077903000001
00000000077910000001
00000000078221000001
00000000078931000001
00000000079129000001
00000000079228000001
00000000079358000001
00000000079419000001
00000000079426000001
00000000079709000001
00000000079754000001
00000000079792000001
00000000079815000001
00000000080477000001
00000000081412000001
00000000081436000001
00000000081726000001
00000000082716000002
00000000083195000001
00000000083584000001
00000000084499000001
00000000084659000001
00000000084680000001
00000000084697000001
00000000084826000001
00000000084833000001
00000000085496000001
00000000085632000003
00000000085656000001
00000000085700000001
00000000085755000001
00000000085809000001
00000000085816000001
00000000085823000001
00000000086059000001
00000000086127000001
00000000086141000001
00000000086851000001
00000000087032000001
00000000087049000001
00000000087155000001
00000000087230000001
00000000087469000001
00000000087506000001
00000000087513000001
00000000087568000001
00000000088152000001
00000000088756000001
00000000088855000001
00000000088862000002
00000000090476000001
00000000090742000001
00000000090902000001
00000000090957000001
00000000091343000001
00000000091374000001
00000000091992000005
00000000092531000001
00000000093088000001
00000000093132000001
00000000093149000001
00000000093156000001
00000000093538000001
00000000093736000001
00000000093880000001
00000000093897000001
00000000093903000001
00000000094252000001
00000000095976000001
00000000096072000001
00000000096133000001
00000000097185000001
00000000097260000001
00000000097376000003
00000000097383000003
00000000097390000001
00000000097789000001
00000000098069000001
00000000098397000001
00000000098403000001
00000000098656000001
00000000098953000001
00000000099202000001
00000000099325000001
00000000099554000001
00000000099561000001
00000000099578000001
00000000099981000001
00000000099998000001
00000000100007000001
00000000100014000001
00000000100021000001
00000000100038000002
00000000100120000002
00000000100267000001
00000000100281000001
00000000100441000001
00000000100458000001
00000000100717000001
00000000100847000001
00000000100946000001
00000000101011000001
00000000101189000001
00000000101417000001
00000000101424000001
00000000101493000001
00000000101837000001
00000000101899000001
00000000101943000001
00000000101950000001
00000000102490000001
00000000102513000001
00000000102773000001
00000000102834000001
00000000102896000001
00000000103084000001
00000000103091000001
00000000103152000001
00000000103176000001
00000000103190000001
00000000103206000001
00000000103596000001
00000000103602000001
00000000103626000001
00000000104241000001
00000000104371000001
00000000104494000001
00000000104586000001
00000000104630000001
00000000105293000001
00000000105309000001
00000000105330000001
00000000105347000001
00000000105361000001
00000000105378000001
00000000105408000001
00000000105415000001
00000000105422000001
00000000105446000001
00000000105453000001
00000000105460000001
00000000105484000001
00000000105491000001
00000000105507000001
00000000105781000001
00000000105798000001
00000000105866000001
00000000105972000001
00000000106290000001
00000000106320000001
00000000108386000001
00000000108515000001
00000000108522000001
00000000108843000001
00000000108881000001
00000000108942000001
00000000108959000001
00000000109024000001
00000000109109000001
00000000109239000001
00000000109253000001
00000000109260000001
00000000109307000001
00000000109314000001
00000000109369000001
00000000109376000001
00000000109383000001
00000000109949000001
00000000109956000001
00000000109963000001
00000000110013000001
00000000110044000001
00000000110051000001
00000000110549000001
00000000110655000001
00000000110785000001
00000000110792000002
00000000111171000001
00000000111294000001
00000000111928000001
00000000112062000001
00000000112222000001
00000000112291000003
00000000112307000001
00000000112543000001
00000000112550000001
00000000112871000001
00000000113090000001
00000000113120000001
00000000113236000001
00000000113250000001
00000000113625000001
00000000113854000001
00000000114196000002
00000000114202000002
00000000114219000001
00000000114226000001
00000000114332000001
00000000114356000001
00000000114387000001
00000000114615000001
00000000115919000001
00000000115940000001
00000000117166000001
00000000117197000001
00000000117333000001
00000000117357000001
00000000117371000001
00000000117425000001
00000000118231000001
00000000118453000001
00000000119320000001
00000000119450000001
00000000119672000001
00000000119702000001
00000000119740000001
00000000120036000001
00000000121309000001
00000000121316000001
00000000121569000002
00000000121750000001
00000000122498000001
00000000122511000001
00000000123044000001
00000000123129000001
00000000123143000001
00000000123211000001
00000000123365000001
00000000123396000001
00000000123433000001
00000000123440000001
00000000123457000001
00000000123525000003
00000000123532000001
00000000123563000001
00000000123785000001
00000000123815000001
00000000123907000001
00000000123945000001
00000000124089000001
00000000124096000001
00000000124201000001
00000000124300000001
00000000124737000001
00000000124782000001
00000000124980000001
00000000125055000001
00000000125062000001
00000000125628000001
00000000125666000002
00000000125710000001
00000000125949000001
00000000126083000001
00000000126090000001
00000000126113000001
00000000126120000001
00000000126137000001
00000000126342000001
00000000126373000001
00000000126434000001
00000000126441000001
00000000126496000001
00000000126564000001
00000000126571000001
00000000126892000001
00000000127424000001
00000000127769000001
00000000127776000001
00000000127783000001
00000000128131000001
00000000128148000001
00000000128155000001
00000000128179000001
00000000128186000001
00000000128209000002
00000000128216000001
00000000128223000001
00000000128230000001
00000000128247000001
00000000128254000001
00000000128261000002
00000000128278000001
00000000128346000001
00000000128353000001
00000000128384000001
00000000128803000001
00000000128872000001
00000000128902000001
00000000128926000001
00000000128933000001
00000000128957000001
00000000129855000001
00000000130035000001
00000000130240000001
00000000131162000001
00000000131186000001
00000000131841000001
00000000131865000001
00000000132251000002
00000000132268000001
00000000132299000001
00000000132367000001
00000000132374000001
00000000132398000001
00000000132602000001
00000000132824000001
00000000133890000001
00000000133913000001
00000000133982000001
00000000134033000001
00000000134095000001
00000000134941000001
00000000135047000001
00000000135078000001
00000000135085000001
00000000135092000001
00000000135368000001
00000000135399000001
00000000135559000001
00000000136402000001
00000000136426000001
00000000136563000001
00000000136631000001
00000000136853000001
00000000137751000001
00000000137911000001
00000000138178000001
00000000139519000001
00000000139632000001
00000000139861000001
00000000140485000001
00000000140492000001
00000000140539000002
00000000140799000001
00000000140805000001
00000000140812000001
00000000140829000001
00000000140843000001
00000000140997000001
00000000141154000001
00000000141161000001
00000000141253000001
00000000141277000001
00000000141666000001
00000000141673000001
00000000141758000001
00000000141765000001
00000000141772000001
00000000141901000001
00000000142120000001
00000000142175000001
00000000142212000001
00000000142250000001
00000000142908000001
00000000143455000001
00000000143585000001
00000000144049000008
00000000144261000001
00000000144285000001
00000000144377000001
00000000144407000001
00000000144445000001
00000000144452000001
00000000144490000001
00000000144704000001
00000000144728000001
00000000144773000001
00000000144797000001
00000000144827000001
00000000145114000001
00000000145176000001
00000000145206000001
00000000145282000001
00000000145343000001
00000000145411000001
00000000145725000001
00000000145770000001
00000000145978000001
00000000146289000001
00000000146296000001
00000000146302000001
00000000146418000001
00000000146432000001
00000000146449000001
00000000146494000001
00000000146647000001
00000000146654000001
00000000146661000001
00000000146678000001
00000000146715000001
00000000146746000001
00000000146753000001
00000000146760000001
00000000146777000001
00000000146784000001
00000000146876000001
00000000146906000001
00000000146951000001
00000000146975000001
00000000147019000001
00000000147040000001
00000000147088000001
00000000147125000002
00000000147194000001
00000000147316000001
00000000147545000001
00000000147552000001
00000000147569000001
00000000147606000001
00000000147699000001
00000000147958000001
00000000148061000001
00000000148078000001
00000000148214000001
00000000148252000001
00000000148283000001
00000000148290000001
00000000148313000001
00000000148320000001
00000000148740000001
00000000148757000001
00000000149006000001
00000000149051000001
00000000149082000001
00000000149112000001
00000000149167000001
00000000149211000001
00000000149303000001
00000000149310000001
00000000149327000001
00000000149334000001
00000000149532000001
00000000149549000001
00000000149556000001
00000000149563000001
00000000149594000001
00000000149600000001
00000000149662000001
00000000149754000001
00000000149761000001
00000000149778000001
00000000149853000001
00000000149877000001
00000000149884000001
00000000149891000001
00000000149938000001
00000000149945000001
00000000149983000001
00000000149990000001
00000000150149000001
00000000150248000001
00000000150262000001
00000000150354000001
00000000150361000001
00000000150415000001
00000000150439000001
00000000150590000001
00000000150606000001
00000000150613000001
00000000150651000001
00000000150668000001
00000000150675000001
00000000150873000001
00000000151016000001
00000000151160000001
00000000151184000001
00000000151368000001
00000000151375000001
00000000151382000001
00000000151399000001
00000000151436000001
00000000151481000001
00000000151498000001
00000000151535000001
00000000151542000001
00000000151641000001
00000000151801000001
00000000151986000001
00000000152051000001
00000000152068000001
00000000152075000001
00000000152129000001
00000000152136000001
00000000152150000001
00000000152310000001
00000000152327000001
00000000152341000001
00000000152358000001
00000000152365000001
00000000152372000001
00000000152389000001
00000000152402000001
00000000152426000001
00000000152600000001
00000000152716000001
00000000152730000001
00000000152778000001
00000000152785000001
00000000152853000001
00000000152891000001
00000000152938000001
00000000152969000001
00000000153027000001
00000000153034000001
00000000153201000001
00000000153270000001
00000000153287000001
00000000153492000001
00000000154512000001
00000000154581000001
00000000154611000001
00000000154680000001
00000000154710000001
00000000154819000001
00000000154895000001
00000000154918000001
00000000154925000001
00000000155090000001
00000000155113000001
00000000155137000001
00000000155144000001
00000000155151000001
00000000155182000001
00000000155199000001
00000000155205000001
00000000155267000001
00000000155328000001
00000000155373000001
00000000155380000001
00000000155397000001
00000000155403000001
00000000155441000001
00000000155458000001
00000000155472000001
00000000155588000001
00000000155601000001
00000000155618000001
00000000155625000001
00000000155632000001
00000000155717000001
00000000155786000001
00000000155816000001
00000000155991000001
00000000156028000001
00000000156073000001
00000000156110000001
00000000156127000001
00000000156233000001
00000000156264000001
00000000156318000001
00000000156325000001
00000000156530000001
00000000156547000001
00000000156561000001
00000000156578000002
00000000156585000001
00000000156691000001
00000000157209000001
00000000157490000001
00000000157506000001
00000000157513000001
00000000157537000001
00000000157551000001
00000000157568000001
00000000157575000001
00000000157582000001
00000000157780000001
00000000157889000001
00000000158558000001
00000000158596000001
00000000158626000001
00000000158657000001
00000000158664000001
00000000158671000001
00000000158770000001
00000000158787000001
00000000158817000001
00000000158824000001
00000000158831000001
00000000158848000001
00000000158855000001
00000000158909000016
00000000158930000001
00000000158954000001
00000000158992000001
00000000159005000001
00000000159098000001
00000000159166000001
00000000159302000001
00000000159333000001
00000000159340000001
00000000159364000001
00000000159418000001
00000000159449000001
00000000159487000001
00000000159531000001
00000000159616000001
00000000159623000001
00000000159845000001
00000000159937000001
00000000159999000001
00000000160049000001
00000000160148000001
00000000160209000001
00000000160230000001
00000000160247000001
00000000160384000001
00000000160407000001
00000000160483000001
00000000160537000001
00000000160575000001
00000000160582000001
00000000160599000001
00000000160612000001
00000000160674000001
00000000160889000001
00000000160933000002
00000000160988000001
00000000160995000001
00000000161008000001
00000000161015000001
00000000161039000001
00000000161121000001
00000000161145000002
00000000161152000001
00000000161183000001
00000000161190000001
00000000161220000001
00000000161275000001
00000000161336000001
00000000161350000001
00000000161367000002
00000000161374000001
00000000161497000001
00000000161503000001
00000000161626000001
00000000161664000001
00000000161749000002
00000000161756000003
00000000161886000001
00000000161916000001
00000000162364000001
00000000162487000001
00000000162494000001
00000000162586000001
00000000162630000001
00000000162647000001
00000000162692000001
00000000162715000001
00000000163040000001
00000000163057000001
00000000163248000001
00000000163255000001
00000000163279000001
00000000163347000001
00000000163446000001
00000000163460000001
00000000163477000001
00000000163521000005
00000000163545000004
00000000163620000001
00000000163637000001
00000000163644000001
00000000163651000001
00000000163668000001
00000000163675000001
00000000163729000001
00000000163736000001
00000000163750000001
00000000163767000001
00000000163774000001
00000000164054000001
00000000164214000001
00000000164467000001
00000000164610000001
00000000164627000001
00000000164641000001
00000000164771000001
00000000164993000001
00000000165273000001
00000000165334000001
00000000165556000001
00000000165563000001
00000000165570000001
00000000165662000001
00000000165679000001
00000000165709000002
00000000166362000002
00000000167826000001
00000000167888000001
00000000167895000001
00000000168007000003
00000000168014000001
00000000168052000001
00000000168151000001
00000000168168000001
00000000168250000001
00000000168335000001
00000000168373000002
00000000168380000001
00000000168403000002
00000000168441000001
00000000168465000001
00000000168489000001
00000000168519000001
00000000168533000001
00000000168564000001
00000000168571000001
00000000168588000001
00000000168595000002
00000000168625000001
00000000168670000001
00000000168687000001
00000000168694000001
00000000168731000001
00000000168755000001
00000000168786000001
00000000168793000001
00000000168960000001
00000000169134000001
00000000169141000001
00000000169158000001
00000000169172000002
00000000169196000001
00000000169219000001
00000000169226000001
00000000169233000001
00000000169240000001
00000000169271000001
00000000169288000001
00000000169356000001
00000000169424000001
00000000169486000001
00000000169493000001
00000000169547000001
00000000169592000001
00000000169660000001
00000000169844000001
00000000169882000001
00000000170116000001
00000000170505000001
00000000170574000001
00000000170598000001
00000000170635000001
00000000170703000001
00000000170710000001
00000000170772000001
00000000170864000002
00000000170871000001
00000000170901000001
00000000172820000001
00000000172837000002
00000000172844000001
00000000172851000001
